 31 21 10
 -98.000000 -86.000000
 42.000000 50.000000
 150 159 1
 -9999.000000 2
 150
 16.14 16.63 17.34 17.20 17.19 17.98 18.66 18.10 17.59 17.88 18.54 18.45 17.59 17.18 17.58 18.06 17.97 17.35 16.59 16.68 16.91 16.57 16.38 17.03 18.13 18.57 18.58 18.68 18.43 18.27 18.09
 16.11 16.26 16.89 17.51 17.69 18.37 19.03 18.83 17.99 17.65 18.22 18.24 17.45 17.23 17.78 18.14 18.00 17.27 16.67 16.79 16.90 16.87 16.49 16.46 17.23 17.43 17.51 17.53 17.57 17.84 17.57
 16.07 16.12 16.63 17.96 18.58 18.95 18.78 18.63 17.97 17.54 18.11 18.13 17.29 17.10 17.73 17.99 17.48 16.73 16.24 16.20 16.50 16.51 16.03 16.25 16.75 17.41 17.84 17.03 16.30 16.41 16.44
 16.04 16.20 16.81 17.89 18.58 18.37 17.83 17.22 16.93 17.04 17.43 17.48 17.17 17.10 17.55 18.05 17.53 16.62 15.82 15.69 16.44 16.57 16.37 16.59 16.40 16.87 16.99 15.80 14.63 14.48 15.05
 16.02 16.27 16.87 17.09 17.56 17.59 17.10 16.29 16.20 16.80 17.13 17.07 17.06 17.20 17.48 18.26 18.54 17.51 15.71 15.34 16.54 17.15 16.88 16.53 16.02 15.10 13.75 12.67 12.58 12.89 13.92
 15.62 15.84 16.29 16.54 16.81 17.36 17.33 16.26 15.29 15.73 17.01 17.16 17.12 17.01 17.25 18.35 18.97 17.87 15.72 15.15 16.13 16.73 16.77 16.18 15.26 13.31 11.07 10.72 11.61 12.35 13.09
 14.84 15.04 15.46 15.85 16.65 17.55 17.40 16.14 14.64 15.05 17.02 17.35 17.27 16.72 16.80 17.90 18.51 17.86 16.06 15.06 15.46 15.93 16.14 15.70 14.94 12.95 10.63 9.74 11.09 12.25 12.68
 14.43 14.54 14.93 15.69 16.49 16.60 16.81 16.49 16.08 16.71 16.99 16.57 16.60 16.49 16.40 16.99 17.43 17.31 16.63 15.30 14.84 14.98 15.59 15.41 14.56 12.82 10.14 8.84 9.97 11.40 11.75
 15.51 15.52 15.87 16.59 16.73 15.99 15.99 16.29 16.37 16.53 16.16 15.35 15.47 15.77 15.89 16.28 16.60 16.79 16.74 15.80 14.76 14.41 15.20 15.38 14.23 12.46 10.61 9.54 9.60 9.85 10.00
 16.32 16.31 16.32 16.72 16.97 16.10 15.93 15.82 15.57 15.20 14.64 14.47 14.62 14.85 15.16 15.69 16.12 16.35 15.36 14.91 15.11 15.19 15.14 15.14 14.13 12.65 11.23 9.72 9.06 9.31 9.59
 16.19 16.37 16.40 16.50 16.09 15.11 15.60 15.70 14.79 14.08 13.82 14.11 14.00 13.77 13.76 14.31 15.27 15.15 14.41 15.44 16.34 16.12 15.25 14.71 13.97 12.99 11.82 10.28 9.57 9.62 10.03
 16.52 16.88 16.48 15.95 14.89 14.76 15.74 16.05 14.94 14.15 14.31 14.23 13.38 12.43 11.66 11.89 13.70 13.23 13.90 14.76 15.08 15.48 14.60 13.74 13.43 12.80 12.24 11.50 10.85 10.22 10.04
 15.71 15.39 15.65 15.39 15.24 15.89 16.33 15.82 15.83 15.59 15.44 14.48 13.41 12.28 11.34 10.79 11.69 12.09 13.16 14.27 14.54 14.54 13.72 12.22 11.95 12.22 12.23 12.08 11.69 10.85 10.05
 12.68 13.39 14.68 15.30 15.49 16.27 16.29 15.68 15.64 15.49 15.09 14.60 13.64 13.04 12.74 11.94 11.12 10.69 10.45 11.39 13.38 13.60 12.16 11.06 11.14 11.70 12.14 11.83 10.92 10.22 10.03
 11.55 12.26 13.41 13.87 14.25 15.14 15.55 15.41 15.26 15.56 15.33 14.55 13.65 13.46 13.90 13.58 12.58 11.17 10.03 10.17 10.99 10.77 9.95 10.54 11.05 11.32 11.85 10.70 8.79 8.03 7.96
 11.52 12.00 12.67 13.14 13.85 14.45 14.74 14.87 15.07 15.33 15.42 14.68 13.91 13.56 13.86 14.07 13.32 12.97 12.65 12.25 11.54 9.31 8.29 9.16 10.31 10.85 10.73 8.60 6.57 6.02 6.02
 11.60 11.91 12.27 12.77 13.58 13.81 13.52 14.03 14.85 15.06 15.22 14.77 14.43 13.88 13.76 13.92 13.61 12.83 12.98 13.12 12.64 9.55 8.01 8.23 8.69 9.19 8.77 6.81 6.01 6.01 6.02
 12.04 12.20 12.25 12.41 12.79 12.95 12.85 13.02 13.43 13.66 14.19 14.34 14.48 14.23 13.84 13.83 13.08 11.38 11.26 11.38 11.54 9.62 8.00 8.00 8.12 8.70 8.36 7.70 6.95 6.32 6.01
 12.79 12.95 13.13 13.20 13.07 12.86 12.77 12.59 12.36 12.50 13.29 14.12 14.26 14.29 13.98 13.76 12.15 10.33 10.14 10.14 10.49 10.48 8.42 8.13 8.63 9.01 8.88 8.62 8.22 7.70 7.26
 12.49 12.93 14.06 14.71 14.53 13.63 12.77 12.29 12.26 12.56 12.92 13.54 14.05 14.04 14.04 13.73 11.78 10.14 10.14 10.14 10.26 10.73 10.07 8.80 9.01 9.01 9.01 9.01 8.88 8.61 8.48
 12.39 12.33 13.16 14.73 15.29 14.42 12.77 12.20 12.58 12.78 12.84 12.92 13.47 14.00 14.02 13.72 11.78 10.16 10.16 10.15 10.15 10.15 10.62 10.16 9.01 9.01 9.01 9.01 9.01 9.01 9.00
 151
 15.89 15.87 15.86 15.85 15.86 17.04 18.56 18.11 17.34 17.53 17.86 17.43 16.23 15.64 16.08 17.37 17.61 16.63 15.65 15.41 15.64 15.35 15.05 15.83 17.45 18.24 18.21 17.23 14.32 12.23 12.99
 15.92 15.87 15.86 15.93 16.23 17.58 19.44 19.60 18.18 17.23 17.42 17.17 16.21 15.73 15.98 17.15 17.62 16.11 15.21 15.61 16.15 15.77 14.95 14.94 16.40 17.88 18.12 16.98 14.52 13.23 13.92
 15.95 15.90 16.09 16.66 17.22 18.07 19.45 19.70 18.71 17.44 17.13 16.34 15.96 16.21 16.41 16.95 16.94 14.72 14.07 15.24 15.99 15.53 14.74 14.59 16.18 18.41 18.97 17.39 14.89 13.74 13.76
 15.97 16.06 16.23 16.87 17.23 17.08 17.39 17.62 17.65 17.58 17.31 16.69 16.47 17.02 16.87 16.68 16.32 14.41 13.40 14.20 15.40 15.44 14.94 15.01 16.60 18.93 19.66 18.00 15.24 13.81 13.50
 15.90 15.99 16.05 16.56 17.38 17.24 17.13 15.98 15.63 16.46 17.57 17.08 16.55 17.37 16.65 16.12 16.25 15.51 13.62 13.68 15.63 16.33 16.10 16.39 17.53 18.87 19.17 17.92 15.89 14.79 14.50
 15.41 15.32 15.18 15.57 16.57 17.00 16.53 16.02 16.47 16.77 17.38 17.18 17.05 16.78 16.31 15.76 16.03 15.36 13.82 13.84 15.61 16.70 17.60 17.87 18.14 18.51 18.55 17.72 15.42 14.22 13.81
 15.20 15.01 14.64 15.04 16.29 17.08 17.22 17.06 16.83 17.01 17.31 17.27 17.29 16.13 15.39 15.97 16.11 15.56 14.10 13.73 14.93 16.01 16.72 17.15 17.45 17.71 17.41 15.72 14.10 13.31 12.81
 15.53 15.51 15.47 16.01 16.61 16.45 16.44 16.59 16.46 16.49 16.90 17.39 17.46 16.68 14.93 14.85 15.47 15.31 14.27 13.79 14.55 15.03 15.08 15.93 16.85 16.65 15.75 14.51 13.46 12.86 12.64
 15.87 15.92 16.20 16.76 16.05 14.58 14.24 14.94 15.40 15.68 15.99 16.36 16.36 15.62 14.54 13.63 13.68 13.64 13.31 12.87 12.18 11.52 12.12 13.89 15.69 15.93 15.22 14.01 12.91 12.55 12.59
 15.32 15.35 15.51 15.85 15.59 14.11 13.73 14.30 14.63 14.44 14.58 14.87 14.94 13.98 13.27 12.15 11.68 11.14 11.28 11.49 11.06 10.35 10.67 12.35 13.87 15.04 14.29 12.72 11.81 12.09 10.71
 15.04 14.92 14.88 14.84 14.42 14.09 13.90 14.31 13.88 13.11 13.19 13.59 14.02 13.57 13.03 11.82 10.38 9.97 10.63 11.37 12.02 11.86 11.32 11.92 12.97 13.97 13.66 12.37 11.95 12.24 10.68
 14.86 14.45 14.18 14.24 13.74 13.60 13.78 13.51 12.57 11.72 11.88 12.81 13.58 13.75 13.89 13.25 11.20 10.78 11.33 11.68 12.28 12.80 12.61 12.92 13.70 13.76 13.45 13.01 12.76 12.36 10.66
 13.43 13.40 13.43 13.55 13.61 13.81 13.39 12.14 11.34 10.59 10.95 12.12 12.66 13.06 14.17 13.77 11.21 10.63 11.10 11.63 11.84 12.85 12.87 12.64 12.65 12.84 13.20 13.39 13.25 12.71 10.65
 11.35 12.35 12.70 12.87 13.01 13.51 13.13 12.19 11.74 10.99 10.70 11.23 11.33 11.80 12.44 12.52 10.14 8.84 8.89 9.83 10.37 11.66 12.15 11.95 12.03 12.29 12.88 12.79 11.98 11.47 10.12
 10.63 11.12 11.36 11.04 11.59 12.37 12.77 12.74 12.65 11.89 10.75 10.51 10.71 11.32 12.44 12.66 11.05 9.86 10.10 9.59 9.70 10.28 11.36 11.41 11.90 12.12 12.03 10.59 8.34 7.40 7.43
 10.60 10.55 10.54 10.59 11.09 11.76 12.30 12.61 12.72 12.21 11.03 10.41 10.69 11.10 11.41 11.62 11.83 12.35 12.48 12.34 11.76 10.86 10.40 10.64 11.27 11.23 9.88 7.53 5.74 5.22 5.22
 10.47 10.37 10.23 10.51 11.28 11.84 12.00 12.12 11.99 11.77 11.13 10.43 10.43 10.69 10.75 11.06 11.51 11.86 12.30 12.54 11.91 10.65 10.02 10.14 10.40 10.00 8.14 6.02 5.22 5.21 5.21
 11.22 10.91 10.32 10.14 10.74 11.57 11.82 11.64 11.21 10.94 10.66 10.20 10.11 10.36 10.54 10.82 11.21 11.33 11.26 11.38 11.10 10.38 10.01 10.02 10.09 10.05 9.04 7.40 6.31 5.57 5.20
 11.26 11.28 11.71 11.38 11.52 11.76 11.74 11.54 11.26 10.93 10.63 10.27 10.09 10.21 10.45 10.69 10.95 10.33 10.14 10.14 10.49 10.35 10.07 10.09 10.35 10.72 10.61 9.93 8.84 7.38 6.65
 10.31 10.91 12.47 13.75 13.58 12.79 11.93 11.60 11.32 11.07 10.91 10.66 10.29 10.05 10.03 10.12 10.46 10.14 10.14 10.14 10.26 10.64 10.31 10.28 10.66 10.97 11.02 11.01 10.65 9.91 9.54
 10.15 9.99 11.22 13.54 14.72 14.06 12.30 11.27 10.99 10.88 10.93 10.72 10.24 10.00 10.02 10.04 10.33 10.16 10.16 10.15 10.15 10.15 10.62 10.52 10.79 11.02 11.02 11.01 11.00 11.00 10.99
 152
 15.64 15.71 15.90 16.01 16.04 16.95 18.57 19.13 18.97 19.23 19.74 19.03 17.09 16.13 16.53 16.58 15.48 14.71 14.38 14.93 15.64 14.54 13.34 13.84 13.77 13.72 13.70 13.03 11.70 11.09 12.43
 15.66 15.65 15.78 16.00 16.30 17.37 18.90 19.43 18.52 17.75 18.24 18.25 16.61 15.69 15.91 16.46 15.71 14.38 13.91 14.60 16.10 15.53 13.75 13.04 13.97 15.35 15.76 14.78 12.96 12.57 13.84
 15.66 15.65 15.66 16.01 16.75 17.54 18.21 18.44 17.70 16.90 17.08 16.70 15.61 15.48 15.96 16.36 15.30 13.34 12.78 13.37 14.63 14.94 13.35 12.44 13.81 14.33 14.65 14.67 14.77 13.56 12.73
 15.67 15.59 15.32 15.60 16.38 16.56 16.48 16.38 16.16 16.13 16.22 15.69 15.34 15.24 15.48 15.56 14.50 12.83 11.72 12.00 13.13 13.74 12.97 12.59 12.98 13.04 13.42 13.56 13.55 13.08 12.71
 15.77 15.61 15.24 15.03 15.41 15.63 15.47 14.89 14.98 15.48 15.89 15.96 15.83 15.42 14.97 14.45 14.33 13.40 11.22 11.04 12.51 13.23 13.01 13.50 12.48 11.69 11.52 11.15 10.50 10.99 12.64
 16.24 16.09 15.82 15.52 15.25 15.57 16.11 15.84 15.50 15.80 16.13 16.07 15.56 14.62 13.99 13.51 14.05 13.62 11.06 10.12 11.39 11.81 12.50 13.03 12.40 11.17 10.54 9.95 9.03 9.02 9.98
 16.53 16.51 16.42 16.30 16.29 17.22 17.73 17.08 16.38 16.49 16.42 16.04 15.49 14.32 13.27 13.02 13.63 13.40 11.28 10.27 11.02 11.32 11.79 12.34 12.25 11.24 10.49 9.94 9.16 8.72 8.53
 16.66 16.70 16.94 17.32 17.50 17.72 17.69 17.32 17.06 17.38 17.65 17.40 17.37 16.17 13.83 12.69 13.01 13.13 12.08 11.05 10.95 10.56 10.70 11.74 11.84 11.21 10.47 9.96 9.57 9.34 9.03
 17.23 17.26 17.49 17.99 18.00 16.92 16.04 16.61 17.28 17.92 17.92 17.98 18.23 16.93 14.57 12.39 11.70 11.97 11.56 10.69 9.99 9.26 9.13 10.35 11.34 10.63 10.19 10.12 9.97 10.31 10.07
 17.26 17.27 17.38 17.74 17.50 16.23 15.90 16.48 16.73 17.21 17.21 16.87 16.83 15.35 13.40 12.15 10.48 9.89 9.70 9.68 9.38 8.71 8.36 9.23 10.11 10.44 10.07 9.72 9.74 10.35 9.99
 17.30 16.76 16.61 16.64 15.74 14.78 15.32 14.92 14.65 15.73 16.05 15.34 15.55 14.79 12.94 11.83 10.25 9.67 10.40 10.59 10.61 10.10 8.77 8.98 9.46 10.31 10.27 9.92 10.11 10.55 9.66
 16.67 15.30 14.69 14.56 14.16 14.11 14.48 13.98 13.77 14.71 14.46 13.27 13.84 14.06 13.37 12.40 11.20 10.78 10.94 11.35 11.29 10.93 10.44 10.24 10.26 10.22 10.08 9.85 10.14 10.39 9.67
 14.68 13.93 13.70 13.55 13.67 14.18 14.32 13.90 13.67 14.10 13.51 12.07 12.20 12.96 13.20 12.75 11.86 11.08 11.10 11.63 11.52 10.91 10.01 9.61 9.66 9.77 9.95 9.67 9.82 10.06 9.67
 13.32 13.31 13.29 13.00 12.94 13.50 13.83 13.05 12.95 13.14 12.76 11.68 11.37 10.73 11.55 11.93 10.58 10.15 11.49 11.23 11.36 11.02 9.81 9.29 9.37 9.52 9.79 9.75 9.50 9.35 8.70
 13.01 12.98 12.45 11.90 11.81 12.17 12.35 12.03 11.58 11.53 11.38 10.99 10.27 9.73 10.34 11.09 10.39 10.68 11.31 11.52 11.40 10.68 9.58 9.20 9.36 9.44 9.39 8.71 7.70 6.99 6.76
 12.96 12.61 11.35 11.10 11.31 11.36 10.97 10.62 10.30 10.18 10.41 10.65 10.74 11.10 11.03 11.32 11.24 10.97 10.51 10.26 10.07 9.57 9.08 9.06 9.23 9.11 8.39 7.27 6.27 5.81 5.79
 12.86 11.66 10.01 10.17 10.75 10.38 9.43 9.21 9.49 9.65 10.14 10.92 11.46 12.06 11.32 11.34 11.12 9.53 8.44 8.11 8.26 8.60 8.85 8.96 9.04 8.34 6.89 6.18 5.82 5.81 5.80
 10.64 9.52 8.69 8.85 9.67 9.00 8.36 8.55 9.13 9.31 9.81 11.00 11.86 12.16 11.48 11.34 9.38 6.53 5.36 5.23 6.13 7.94 8.88 8.93 8.57 6.90 5.09 4.98 5.60 5.95 5.80
 5.85 6.24 8.12 9.22 8.95 8.37 8.25 8.62 8.92 8.82 9.09 10.38 11.50 12.12 11.86 11.16 7.12 4.38 3.88 3.85 4.79 6.99 8.58 8.53 7.05 4.81 3.54 3.59 4.20 5.02 5.43
 3.32 4.25 6.57 8.31 8.58 8.38 8.49 8.76 8.69 8.35 8.32 9.16 10.52 11.75 11.95 10.70 6.20 3.93 3.91 3.90 4.20 5.44 7.32 7.45 5.16 3.32 2.97 2.99 3.21 3.62 3.83
 3.11 2.99 4.26 6.91 8.43 8.72 8.93 8.77 8.29 8.04 8.03 8.01 8.90 11.06 11.98 10.68 6.16 3.88 3.86 3.86 3.86 3.85 5.10 6.13 4.41 2.95 2.98 3.00 3.01 3.03 3.03
 153
 16.99 17.46 18.40 18.85 18.83 18.59 18.13 16.85 15.97 16.77 16.57 16.19 16.25 15.82 15.88 15.76 15.18 14.80 14.39 13.19 12.34 12.72 12.81 12.68 12.19 11.82 11.82 12.72 11.67 10.67 10.65
 17.00 17.11 17.69 18.50 18.62 18.14 17.89 17.62 16.97 16.67 16.81 16.77 16.13 15.60 15.85 15.62 15.30 15.06 13.93 12.45 11.31 11.68 12.13 11.59 10.73 10.50 10.70 12.03 11.19 10.66 10.63
 17.01 16.99 17.21 17.68 17.49 16.87 16.88 17.11 16.69 16.05 16.27 16.17 15.35 15.07 15.61 15.37 15.00 14.23 12.58 11.03 10.23 10.35 10.66 10.27 9.52 9.32 9.48 11.34 11.00 10.66 10.70
 17.02 16.88 16.48 16.12 15.85 15.54 15.29 15.17 15.18 15.06 15.09 14.81 14.68 14.76 15.12 14.78 14.30 13.04 11.33 10.10 9.58 9.48 9.57 9.24 8.94 8.94 8.95 10.08 10.17 9.66 9.89
 15.83 15.91 15.46 15.07 14.88 14.73 14.17 13.66 13.97 14.35 14.32 14.07 14.31 14.58 13.94 13.66 13.10 11.48 10.10 9.42 8.83 8.62 8.81 8.69 8.37 8.12 7.73 8.24 7.61 7.36 8.76
 13.42 13.87 13.89 14.03 14.21 14.01 13.59 13.40 13.78 14.28 14.27 14.26 14.00 13.36 12.56 12.16 11.65 10.41 9.27 8.54 7.92 7.84 8.11 8.06 7.76 7.29 6.79 7.31 6.59 6.05 7.47
 12.12 12.33 12.75 13.13 13.21 12.91 12.78 13.05 13.25 13.26 13.31 13.37 13.01 12.16 11.49 11.27 11.04 10.19 8.82 7.76 7.40 7.50 7.70 7.87 7.71 7.14 6.84 7.54 7.49 6.40 6.32
 11.71 11.83 12.13 12.53 12.60 12.26 12.13 12.24 12.10 11.78 11.87 12.26 12.21 11.54 10.85 10.59 10.65 10.03 8.42 7.30 7.08 7.07 7.20 7.55 7.64 7.32 7.25 7.58 8.02 7.25 6.66
 11.84 11.85 12.03 12.42 12.40 11.93 11.49 11.02 10.48 9.89 9.77 10.31 10.54 10.04 9.54 9.46 9.58 9.19 8.13 7.41 7.08 6.86 6.87 7.08 7.22 7.16 7.24 7.24 6.65 5.78 5.33
 12.07 12.08 12.17 12.39 12.19 11.45 10.61 9.82 9.27 8.79 8.48 8.59 8.42 7.83 7.79 8.21 8.01 7.69 7.77 7.89 7.75 7.50 7.27 6.98 6.62 6.27 6.23 6.55 5.93 4.48 3.49
 12.16 12.07 11.99 11.86 11.32 10.37 9.61 9.25 9.08 8.80 8.35 7.73 6.95 6.38 6.51 6.87 6.38 6.17 6.90 7.56 7.94 8.13 7.94 7.33 6.47 5.29 4.35 4.77 4.99 4.11 3.32
 11.99 11.79 11.64 11.25 10.55 9.91 9.58 9.50 9.38 9.03 8.38 7.23 6.04 5.47 5.61 5.88 5.39 5.16 5.53 6.30 7.02 7.30 6.75 5.94 5.04 3.88 2.68 2.51 3.06 3.40 3.32
 11.50 11.02 11.01 11.12 10.73 10.51 10.34 9.99 9.59 9.04 8.20 6.91 5.77 5.21 5.14 4.83 3.80 3.15 3.63 4.91 6.02 5.59 3.49 2.01 1.66 1.58 1.73 1.55 2.03 2.93 3.31
 9.73 9.88 10.28 10.59 10.92 11.03 10.62 9.98 9.37 9.03 7.85 6.61 5.85 5.42 4.98 3.89 1.99 0.91 1.68 3.32 4.83 4.18 1.59 0.11 -0.02 0.32 1.16 1.66 2.31 3.08 3.35
 9.25 9.15 9.17 9.42 9.52 9.55 9.37 8.79 8.37 8.26 7.41 6.36 5.03 4.96 5.06 3.97 2.46 1.09 1.07 1.59 2.41 2.53 1.59 0.60 0.11 0.09 0.78 2.03 2.97 3.34 3.43
 9.23 8.86 8.34 8.37 8.54 8.23 7.96 7.97 7.77 7.18 6.94 6.45 5.79 6.27 5.38 4.53 3.79 2.44 0.86 0.22 0.54 1.05 1.13 1.04 0.74 0.57 1.31 2.62 2.65 2.57 2.57
 9.14 8.32 7.50 7.42 7.70 7.17 6.38 6.63 7.19 6.49 6.56 6.58 6.10 6.15 5.51 4.92 4.28 3.15 1.42 0.54 0.66 0.90 1.01 1.01 1.02 1.44 2.47 2.57 2.59 2.59 2.59
 7.20 6.46 6.46 6.73 6.61 5.98 5.48 6.12 6.95 5.82 5.95 6.24 5.18 5.60 5.59 5.11 4.40 2.22 0.49 0.18 0.89 1.49 1.01 1.01 1.07 1.49 1.88 2.00 2.30 2.51 2.61
 3.43 3.84 5.45 6.39 6.02 5.65 5.69 6.41 6.61 5.45 5.41 5.70 5.22 4.18 3.77 3.51 2.25 -0.33 -0.92 -0.93 -0.20 1.54 1.21 1.08 1.32 1.65 1.24 1.31 1.61 2.01 2.21
 1.42 2.21 4.23 5.69 5.77 6.17 6.30 6.77 5.79 5.11 5.00 4.66 3.42 2.31 2.03 1.90 1.20 -0.88 -0.91 -0.94 -0.70 0.30 1.80 1.40 1.64 1.16 1.01 1.01 1.11 1.31 1.41
 1.22 1.09 2.20 4.45 5.65 5.71 5.74 5.47 4.91 4.70 4.82 4.17 2.73 2.01 2.03 2.02 1.47 -0.85 -0.86 -0.90 -0.92 -0.92 0.08 1.57 1.56 1.01 1.02 1.02 1.02 1.01 1.01
 154
 12.99 13.34 13.86 14.12 14.12 14.36 15.35 15.55 14.76 14.75 15.08 14.45 12.64 11.74 11.90 12.14 11.94 11.69 10.93 10.34 11.09 11.66 12.06 12.15 11.96 11.87 11.88 13.10 13.54 13.51 12.59
 13.01 13.08 13.50 14.00 14.18 14.30 14.92 15.02 14.56 14.72 14.88 14.33 12.92 12.30 12.04 11.68 11.85 11.69 11.10 10.32 10.72 10.99 11.44 11.28 10.76 10.66 10.74 11.98 12.79 12.46 11.48
 13.02 13.00 13.20 13.71 13.94 13.84 14.14 14.43 14.49 14.54 14.03 13.77 12.99 12.26 11.80 11.49 11.77 11.78 10.85 10.33 9.87 10.03 10.29 9.97 9.21 9.10 9.55 10.36 10.87 10.75 10.45
 13.03 12.96 12.84 12.88 13.06 13.10 13.11 12.85 12.63 12.94 13.53 12.90 11.93 11.52 11.43 11.50 11.12 10.35 9.78 9.49 8.96 8.73 8.71 8.46 8.01 8.01 8.18 8.93 9.31 9.27 9.42
 12.53 12.43 12.17 11.73 12.15 12.33 12.11 11.48 11.49 11.97 12.19 12.27 11.67 11.35 10.78 10.72 10.70 10.11 9.46 8.86 8.17 7.79 7.80 7.70 7.47 7.39 7.15 7.45 8.23 8.57 8.66
 10.80 10.78 10.60 10.62 11.20 11.55 11.57 11.39 11.57 11.78 11.76 11.89 11.47 11.17 10.65 10.20 9.97 9.55 8.76 8.01 7.42 7.21 7.36 7.51 7.31 6.82 6.36 6.65 7.59 8.06 8.16
 9.37 9.49 9.72 10.13 10.62 11.01 11.29 11.47 11.54 11.27 11.23 11.70 11.45 10.97 10.24 9.50 9.27 9.07 8.27 7.35 6.90 6.37 6.10 6.44 6.76 6.37 6.00 6.36 7.32 7.85 7.92
 9.14 9.23 9.48 10.08 10.40 10.34 10.49 10.91 10.66 9.99 10.09 11.09 10.99 10.35 9.84 9.21 8.59 8.10 7.16 6.54 6.43 5.53 5.06 5.44 6.19 6.40 6.14 6.17 6.65 7.15 7.22
 9.23 9.28 9.50 10.00 10.40 9.84 9.67 9.58 9.47 8.83 8.86 9.85 9.98 9.49 8.96 8.78 8.46 7.64 6.69 6.04 5.66 4.94 4.36 4.74 5.73 6.48 6.43 6.16 5.90 5.73 5.33
 8.61 8.64 8.76 9.03 9.46 9.59 8.91 8.51 8.41 8.42 8.43 8.52 8.30 7.82 7.66 8.16 8.09 7.50 6.75 6.04 5.80 5.22 4.69 4.84 5.48 5.80 5.70 5.84 5.59 4.48 3.49
 8.25 8.46 8.46 8.38 8.53 8.76 8.07 7.77 7.98 8.37 8.23 7.73 6.94 6.33 6.42 6.92 6.63 6.34 6.48 6.46 6.62 6.33 5.83 5.59 5.59 4.78 3.78 4.13 4.69 4.11 3.33
 8.46 8.84 8.81 8.43 8.12 8.19 8.19 7.97 7.87 7.77 7.41 6.82 6.04 5.47 5.50 5.88 5.56 5.16 5.27 5.52 5.88 6.18 5.64 5.17 4.76 3.62 2.21 1.85 2.91 3.40 3.32
 9.62 9.61 9.27 8.69 8.13 7.98 8.42 8.31 7.88 7.47 6.79 6.15 5.58 5.01 4.98 4.83 3.80 3.15 3.64 4.57 5.08 4.82 3.41 2.49 2.23 1.88 1.44 0.89 2.03 2.93 3.31
 10.10 10.26 9.39 8.43 7.90 7.63 7.69 7.60 7.21 7.24 6.79 6.12 5.46 4.61 4.36 3.89 1.99 0.91 1.68 3.47 4.04 3.51 1.65 0.89 0.98 1.00 1.11 1.06 1.96 3.10 3.44
 9.90 10.08 9.03 7.65 7.42 7.28 6.77 6.12 5.71 5.46 4.86 5.03 5.06 4.44 3.84 2.89 2.07 1.09 1.07 1.93 2.34 1.75 0.50 0.39 0.86 0.98 1.19 1.55 1.80 2.52 2.82
 9.88 10.09 9.85 8.49 7.74 7.35 6.69 5.77 5.24 4.78 3.98 3.91 4.94 4.52 3.72 2.45 1.47 1.68 0.86 0.22 0.54 0.00 -0.62 -0.37 0.25 0.76 1.62 1.93 1.83 1.89 1.88
 9.89 10.34 10.72 10.81 9.33 7.66 6.80 6.13 5.57 5.26 4.56 3.61 3.98 4.09 3.70 3.07 1.65 1.08 0.89 0.54 0.21 -0.55 -0.99 -0.87 -0.63 0.11 1.17 1.78 1.90 1.90 1.90
 10.18 10.72 10.98 10.98 10.43 8.05 6.61 6.67 6.98 7.22 6.23 4.02 3.46 3.76 3.68 3.21 1.56 0.49 0.33 0.23 -0.06 -0.65 -0.99 -0.99 -0.99 -0.80 -0.08 0.82 1.36 1.73 1.91
 10.73 10.97 11.05 11.06 10.48 8.32 6.81 7.89 9.13 8.03 7.28 5.51 3.66 3.81 3.71 3.10 1.24 0.10 0.03 0.03 -0.17 -0.61 -0.92 -0.98 -0.99 -0.99 -0.80 -0.44 0.10 0.82 1.19
 10.42 11.03 11.07 11.10 10.66 9.71 8.41 9.21 8.23 6.86 6.25 6.59 5.17 4.10 3.73 3.06 1.14 0.02 0.03 0.03 -0.04 -0.29 -0.66 -0.88 -0.98 -0.98 -0.99 -0.99 -0.81 -0.44 -0.26
 10.30 10.25 11.05 11.10 11.13 10.62 9.56 8.14 6.62 5.88 5.90 5.95 6.50 4.87 3.74 3.07 1.15 0.04 0.05 0.05 0.04 0.04 -0.21 -0.69 -0.98 -0.98 -0.98 -0.98 -0.99 -0.99 -0.99
 155
 11.97 12.18 12.61 12.80 12.78 13.06 13.60 13.45 13.23 13.70 13.22 12.66 12.02 11.71 12.04 12.95 13.78 13.86 13.50 13.31 13.87 15.01 15.58 16.06 15.04 14.55 14.57 14.63 14.37 14.20 13.80
 11.98 12.02 12.27 12.70 12.80 12.89 13.52 13.77 13.35 12.33 12.03 11.93 11.53 11.83 12.55 13.13 13.58 13.64 13.38 13.19 13.61 14.67 15.24 14.66 13.68 13.04 12.63 13.13 13.69 13.70 13.28
 12.00 11.98 12.05 12.37 12.42 12.38 13.00 13.21 12.30 11.44 11.10 10.95 10.70 11.62 12.64 13.02 13.20 13.23 13.17 13.11 13.34 13.66 14.03 13.70 12.90 12.08 10.98 11.87 12.57 12.83 12.73
 12.02 11.93 11.72 11.57 11.61 11.75 11.84 11.67 11.36 10.65 10.13 9.84 10.02 11.18 12.11 12.50 12.96 12.84 12.81 12.86 12.68 12.61 12.81 12.79 12.30 11.69 10.42 11.17 11.79 12.09 12.13
 11.54 11.41 11.11 10.94 11.12 11.21 10.65 9.98 10.09 10.16 9.55 9.28 9.70 10.65 11.49 11.88 12.36 12.40 12.27 12.33 11.92 11.78 12.07 12.01 11.40 11.11 10.05 10.60 11.58 11.91 11.86
 10.78 10.69 10.44 10.51 10.88 10.73 10.06 9.55 9.73 10.03 9.38 9.06 9.37 9.99 10.76 11.60 12.04 12.04 11.84 11.37 10.80 10.84 11.24 11.28 11.10 10.75 9.58 10.18 11.42 11.95 11.94
 9.46 9.74 10.30 10.34 10.41 10.30 9.90 9.82 9.92 9.74 9.04 8.88 9.09 9.30 9.84 10.77 11.23 11.23 11.00 10.19 9.92 10.09 10.10 10.18 10.67 10.63 9.52 9.75 10.87 11.81 11.91
 8.95 9.11 9.50 9.92 9.81 9.57 9.66 9.87 9.79 9.03 8.35 8.29 8.60 8.63 8.79 9.23 9.49 9.60 9.87 9.33 9.33 9.29 8.93 8.97 9.66 10.28 9.40 9.06 9.57 10.43 10.82
 8.69 8.73 8.92 9.32 9.24 8.88 8.97 9.24 8.82 7.93 7.63 7.32 7.70 7.60 7.44 7.91 8.00 7.95 8.65 9.02 8.97 8.65 8.23 8.37 8.98 9.41 9.03 8.45 8.09 8.30 8.70
 7.44 7.49 7.64 8.08 8.52 8.10 8.01 8.31 8.50 8.05 7.69 7.03 7.08 6.60 5.95 6.41 6.20 5.65 6.64 8.09 9.00 8.65 8.14 8.28 8.89 8.76 8.45 7.79 7.39 7.45 8.07
 6.72 7.02 7.08 7.05 7.09 7.34 7.97 8.54 8.78 8.47 8.28 7.13 6.49 6.00 4.93 4.42 3.89 3.38 4.00 5.75 7.77 8.75 8.34 8.31 8.57 8.49 7.39 6.94 7.04 7.44 8.36
 7.06 7.25 7.14 6.87 6.51 6.82 8.11 8.51 8.33 8.12 7.97 6.96 6.02 5.72 4.42 3.70 3.23 2.69 2.85 4.13 5.91 7.34 7.64 7.73 8.20 7.81 6.50 6.06 6.62 7.42 8.37
 8.28 7.64 7.11 6.62 6.41 6.96 7.37 6.96 6.91 7.82 7.68 6.98 6.34 6.04 5.26 4.14 2.88 1.94 2.24 3.64 4.65 5.51 6.29 6.61 6.80 6.67 6.04 5.62 6.51 7.63 8.37
 9.40 8.92 7.88 6.88 6.62 6.66 6.19 5.21 5.08 6.17 6.69 6.59 6.57 6.48 6.92 5.91 3.28 1.11 1.71 3.61 4.37 4.71 5.50 6.01 6.08 6.07 6.01 5.85 6.49 7.40 7.86
 10.21 9.87 8.44 7.13 6.75 6.26 5.04 3.68 3.19 3.40 3.22 3.84 5.46 6.35 7.00 7.53 6.09 3.70 3.96 4.37 4.88 4.98 5.23 5.75 6.03 6.09 6.08 6.10 6.33 6.67 6.83
 10.18 10.13 9.33 8.03 7.07 6.34 5.32 3.56 2.42 1.97 1.60 1.95 2.73 3.39 4.61 6.55 7.45 7.09 5.68 4.42 4.71 5.41 5.04 5.35 5.69 5.91 6.09 6.22 6.28 6.31 6.31
 10.11 10.47 10.68 9.91 8.13 6.74 5.73 4.31 2.52 1.93 2.00 1.62 1.41 1.92 2.63 4.85 6.88 6.97 5.55 5.12 5.09 5.09 5.00 5.07 5.21 5.75 6.48 6.52 6.30 6.31 6.31
 9.72 10.45 11.08 11.05 9.65 6.84 5.39 4.80 4.10 3.92 3.70 2.04 1.40 2.25 2.27 3.37 4.49 3.13 1.65 1.49 1.46 1.46 2.41 4.69 5.32 6.51 6.94 7.56 7.00 6.54 6.31
 8.32 9.18 10.70 11.35 10.29 7.11 5.26 6.08 7.39 7.95 7.22 4.51 2.34 2.06 2.34 2.18 1.57 0.36 -0.28 -0.31 -0.34 -0.34 0.14 2.25 5.02 6.07 6.18 6.48 6.95 7.57 7.24
 7.39 8.09 9.84 11.18 10.69 8.48 6.97 8.14 9.53 10.10 9.70 7.53 4.37 2.48 2.36 1.60 0.42 -0.19 -0.24 -0.28 -0.30 -0.31 0.08 2.05 4.82 6.00 6.00 6.01 6.17 6.48 6.64
 7.25 7.18 8.20 10.30 11.50 11.14 9.71 9.63 10.14 10.23 10.20 9.81 7.28 4.05 2.37 1.61 0.44 -0.16 -0.19 -0.23 -0.27 -0.29 1.27 4.42 6.00 6.00 6.01 6.01 6.01 6.01 6.01
 156
 9.69 9.77 9.95 10.04 10.04 10.77 11.77 11.95 11.90 12.04 12.01 11.37 10.42 9.96 10.59 12.14 12.29 12.05 11.85 11.50 10.33 9.82 9.99 9.89 9.50 9.31 9.31 9.49 9.46 9.03 9.86
 9.69 9.71 9.83 10.19 10.67 11.40 11.92 12.00 11.43 10.70 10.66 10.53 9.98 10.44 11.49 12.44 12.54 11.99 11.90 11.76 10.72 9.79 9.69 9.62 9.34 8.95 8.54 8.96 9.73 10.03 9.61
 9.69 9.70 9.75 10.30 11.27 11.90 11.93 11.93 11.33 10.45 10.34 10.02 9.44 10.36 11.62 12.23 12.42 11.91 11.42 11.81 11.03 9.49 9.00 9.04 8.83 8.29 7.66 8.76 11.10 10.64 10.16
 9.69 9.68 9.64 9.88 10.53 11.03 11.30 11.41 10.96 10.27 9.78 9.03 8.78 9.79 10.79 11.35 11.81 11.98 11.20 11.21 10.68 9.33 8.54 8.39 8.24 8.14 7.57 8.28 10.34 10.10 10.40
 10.10 10.07 9.99 9.96 10.15 10.52 10.58 10.24 10.05 9.63 9.05 8.13 7.74 8.15 9.29 10.09 11.13 11.57 11.48 11.05 10.82 10.20 9.35 8.71 8.23 7.95 7.64 7.39 7.47 8.55 9.60
 9.61 9.84 9.90 10.20 10.81 10.72 10.63 10.43 10.27 9.67 8.92 7.77 7.42 7.52 8.21 9.48 10.62 11.19 11.14 10.32 10.10 10.44 10.80 9.89 9.14 8.38 7.90 7.40 6.43 6.61 8.61
 8.21 8.62 9.20 9.81 10.58 10.37 10.65 11.18 11.19 10.00 8.88 7.77 7.59 7.39 7.62 8.68 9.52 9.99 10.13 9.23 9.13 9.67 10.33 10.93 10.41 9.35 8.39 7.97 7.32 6.92 7.12
 7.17 7.47 8.30 9.55 10.17 9.98 10.51 11.21 11.12 9.90 8.40 7.53 7.58 7.17 6.77 6.99 7.29 7.66 7.95 8.14 8.51 9.08 9.66 10.61 10.75 9.66 8.70 8.19 8.00 7.39 7.16
 7.62 7.66 8.26 9.71 10.37 9.80 9.98 10.81 10.68 9.43 7.60 6.79 7.04 6.41 5.61 5.77 5.77 5.73 6.34 7.02 7.37 7.87 8.67 9.50 9.73 9.01 8.59 8.26 7.63 7.33 7.25
 7.58 7.62 7.88 8.90 9.79 9.52 9.53 10.20 9.70 8.07 6.91 6.35 6.48 5.55 4.43 4.66 4.45 4.22 5.34 6.32 6.67 7.15 7.72 8.37 8.43 7.94 7.70 7.42 7.03 7.01 7.33
 7.34 8.01 8.25 8.63 9.03 8.90 8.95 9.14 8.45 7.29 6.68 6.54 6.32 5.44 4.12 3.55 2.72 2.95 4.34 4.96 5.56 6.63 7.17 7.47 7.72 7.44 6.93 6.68 6.73 7.04 7.35
 8.22 8.99 9.05 9.18 9.26 9.26 8.98 8.14 7.27 6.85 6.61 6.85 5.78 5.11 4.30 3.19 2.52 2.42 2.67 2.72 3.18 4.93 6.05 6.43 6.77 6.68 6.30 6.17 6.44 7.08 7.34
 8.72 8.79 8.95 9.09 9.48 10.08 9.36 7.57 6.51 6.08 6.26 6.88 5.78 5.05 4.78 3.75 2.52 1.84 1.47 1.47 1.46 2.68 4.14 4.75 4.88 5.21 5.73 5.95 6.29 6.97 7.34
 8.22 8.38 8.70 9.01 9.53 10.19 9.50 7.90 7.13 6.50 6.24 6.61 5.33 4.71 5.10 4.76 2.95 1.29 1.08 1.54 1.46 1.84 3.02 3.78 3.89 4.29 5.20 5.70 5.87 6.47 6.86
 7.94 8.09 8.47 8.89 9.19 9.35 8.95 8.22 8.05 7.28 6.09 5.77 5.47 5.23 6.03 6.68 5.47 2.62 1.69 1.96 1.97 2.03 2.22 3.04 3.79 4.03 4.52 4.76 4.44 4.36 4.49
 7.89 8.03 8.39 8.80 8.99 9.06 9.35 9.00 8.41 7.61 6.66 6.53 6.36 5.70 6.01 7.14 7.35 5.52 3.13 2.21 2.17 2.08 1.29 1.92 2.87 3.43 3.73 3.75 3.47 3.31 3.31
 7.83 8.10 8.43 8.68 8.92 9.63 10.55 10.23 9.19 8.60 8.74 9.61 8.91 6.40 5.30 6.21 7.56 7.11 4.96 3.87 3.40 2.12 0.96 1.17 1.55 2.55 3.64 3.57 3.31 3.31 3.31
 7.47 7.83 8.10 8.32 8.99 10.41 11.36 11.10 10.60 10.38 10.66 11.39 10.18 7.57 5.48 5.87 7.26 7.40 7.23 7.06 5.53 2.48 0.97 0.98 1.42 3.36 4.92 4.69 4.00 3.54 3.31
 5.59 6.22 7.75 8.60 9.37 10.77 11.45 11.42 11.61 11.48 11.32 11.52 10.90 9.23 6.31 5.96 6.91 7.05 6.95 6.92 6.17 3.52 1.40 1.42 3.17 4.69 5.20 5.76 5.62 4.70 4.24
 4.28 5.10 7.29 9.02 9.90 10.82 11.47 11.68 11.72 11.38 11.23 11.05 10.57 10.01 6.75 6.02 6.80 7.01 6.97 6.93 6.66 5.65 3.10 2.72 4.63 4.95 5.01 5.01 5.26 5.76 6.01
 4.03 3.88 5.27 8.20 9.87 10.55 11.53 11.77 11.28 11.03 11.03 10.81 10.28 9.95 6.77 6.04 6.82 7.04 7.01 6.96 6.92 6.92 5.95 4.43 4.76 5.01 5.01 5.01 5.01 5.01 5.01
 157
 13.99 13.81 13.45 13.24 13.22 13.67 13.88 13.28 13.01 12.91 12.59 11.99 11.10 10.08 10.07 10.05 10.03 9.88 9.59 9.17 8.61 8.50 8.79 9.39 9.51 9.31 9.31 9.49 8.94 7.91 9.55
 14.00 13.95 13.71 13.53 13.68 14.10 14.18 13.68 13.34 12.98 12.70 12.05 10.66 10.17 10.17 10.15 10.21 9.92 9.68 9.52 8.93 8.43 8.44 9.08 9.34 9.10 9.02 9.47 9.45 9.69 11.30
 14.02 14.00 13.95 14.10 14.53 14.77 14.26 13.53 13.04 12.63 12.54 11.33 10.07 10.48 10.76 10.75 10.69 9.98 9.78 9.97 9.23 8.18 7.79 8.23 8.37 8.52 8.48 9.44 10.86 11.51 12.25
 14.03 14.11 14.44 14.82 15.01 14.60 13.86 12.83 12.21 12.36 12.21 10.91 10.33 11.18 11.50 11.46 11.24 10.28 9.73 9.72 9.07 8.02 7.43 7.25 7.06 7.34 7.72 8.60 8.96 9.80 11.23
 13.79 13.97 14.45 14.41 14.57 14.11 13.61 12.82 12.45 12.77 12.70 12.02 11.88 11.75 11.28 11.20 11.49 10.74 9.37 9.01 9.15 8.65 7.99 7.26 6.24 5.87 6.19 6.12 5.63 6.27 8.91
 13.37 13.44 13.59 13.79 13.93 13.92 13.52 13.25 13.17 13.23 12.86 12.34 11.88 11.15 10.22 9.77 10.27 10.48 9.07 8.79 9.71 9.61 8.74 8.05 7.29 6.32 5.93 5.45 4.32 4.20 5.61
 12.94 13.01 13.14 13.27 13.67 13.67 13.54 13.53 13.57 13.26 12.76 12.33 11.70 10.38 9.32 8.93 9.47 9.90 9.09 9.04 9.82 9.76 9.12 8.81 8.66 7.63 6.75 6.25 5.06 4.13 3.97
 12.81 12.84 12.97 13.30 13.67 13.85 14.11 14.39 14.26 13.57 12.83 12.50 12.02 10.81 9.53 8.96 9.05 9.20 9.08 8.97 8.79 8.91 9.28 9.18 8.62 7.68 7.08 6.82 5.84 4.67 4.24
 12.32 12.33 12.46 12.99 13.52 14.03 14.50 14.93 14.62 13.41 12.39 12.12 11.99 11.05 9.75 9.09 8.89 8.38 8.43 8.24 7.49 7.83 9.08 9.14 7.66 6.47 6.47 6.50 5.42 4.78 4.51
 11.24 11.26 11.32 12.33 13.49 14.00 14.58 14.81 13.95 12.60 11.79 11.67 11.35 9.92 8.59 8.29 7.85 7.00 7.22 7.71 7.93 8.32 9.16 8.84 6.79 5.39 5.41 4.91 4.49 4.69 4.25
 10.67 11.71 11.99 12.70 13.34 13.64 14.43 13.87 12.92 12.28 11.43 10.37 9.50 8.27 7.00 6.48 6.04 5.84 6.80 8.56 10.00 10.22 9.98 8.77 6.42 4.96 4.45 3.97 4.19 4.65 4.00
 11.99 14.02 14.27 13.85 13.35 13.40 13.29 12.66 11.93 11.31 10.06 8.13 7.06 6.69 6.06 5.31 4.97 5.41 7.18 10.11 11.70 11.26 10.27 8.92 7.07 5.60 4.42 3.73 4.05 4.45 4.00
 14.01 14.09 14.25 14.16 13.97 14.01 13.29 12.16 11.08 10.11 8.79 7.16 6.05 5.50 5.37 4.96 4.19 4.33 6.30 9.82 11.77 11.33 9.33 7.97 7.50 6.69 4.87 3.67 3.94 4.12 4.00
 13.30 13.51 13.98 14.24 14.07 14.11 13.31 12.43 11.39 10.20 9.37 7.71 5.54 4.12 4.41 4.77 3.84 3.28 4.86 8.07 10.48 10.32 8.19 7.13 7.24 6.82 5.82 4.05 3.92 4.04 4.04
 12.95 13.12 13.63 13.80 13.49 13.40 12.83 12.31 11.96 11.66 10.80 8.88 5.99 4.48 5.14 5.45 4.86 4.62 5.51 7.17 8.16 8.13 6.68 6.53 7.08 7.08 6.40 4.85 3.94 4.11 4.14
 12.96 13.17 13.55 13.46 13.16 13.03 13.06 12.65 12.58 12.56 11.58 9.98 8.10 7.14 7.24 6.76 5.84 6.06 6.86 7.08 7.08 6.55 4.73 5.57 6.38 6.73 6.43 4.98 3.99 4.00 3.99
 12.98 13.65 13.29 13.20 13.19 13.05 13.18 13.10 12.43 11.88 11.19 10.07 9.15 8.47 8.08 7.76 6.59 6.90 7.39 7.27 7.21 5.78 4.00 4.32 4.95 5.58 5.21 4.29 4.01 4.01 4.00
 13.50 14.00 12.80 12.67 13.09 13.16 13.37 13.12 11.98 11.20 10.78 9.84 9.12 8.54 8.12 7.97 7.62 7.85 7.80 7.76 7.57 5.86 4.00 4.00 4.07 3.86 3.32 3.64 3.83 3.95 4.01
 14.04 14.43 13.63 13.34 13.79 13.47 13.63 13.46 12.81 12.39 12.08 10.98 9.63 8.88 8.28 8.00 7.97 7.99 8.01 8.01 7.82 6.85 4.48 4.07 4.32 2.36 2.22 2.60 3.18 3.63 3.75
 14.24 14.70 15.13 15.20 14.91 14.22 13.95 13.75 13.21 13.37 13.51 12.88 11.12 9.39 8.35 8.01 8.01 8.02 8.01 8.01 7.95 7.70 6.38 4.67 3.53 2.03 2.02 2.02 2.21 2.59 2.77
 14.34 14.39 14.84 14.60 14.43 14.14 13.44 12.96 13.44 13.72 13.79 13.39 12.46 10.44 8.35 8.01 8.02 8.03 8.03 8.02 8.02 8.03 7.78 4.02 2.02 2.02 2.02 2.01 2.01 2.00 2.00
 158
 19.95 19.94 19.76 19.44 19.44 19.57 19.33 18.43 17.88 17.27 16.11 15.24 14.65 14.38 14.59 14.94 14.65 13.84 12.84 12.22 12.10 11.99 11.83 11.60 11.11 10.72 10.72 9.96 8.43 7.66 8.77
 19.97 19.95 19.91 19.85 19.93 20.06 19.87 19.31 18.20 17.03 16.56 16.03 15.01 14.60 14.83 15.03 14.80 13.91 12.80 12.20 12.10 11.96 11.61 11.13 10.46 9.75 9.36 8.96 8.46 8.73 9.91
 20.00 19.97 19.85 19.94 20.33 20.36 19.63 19.06 18.19 17.21 16.89 16.27 14.97 14.85 14.96 15.04 14.86 13.89 12.74 12.20 12.18 12.11 11.71 11.11 10.48 10.01 9.51 9.12 8.95 9.38 10.15
 20.02 19.92 19.60 19.29 19.47 19.32 18.37 17.56 17.12 16.99 16.76 15.80 14.93 14.84 14.73 14.70 14.86 14.34 13.16 12.54 12.79 12.92 12.36 11.46 10.85 10.46 10.02 9.59 9.27 9.25 9.24
 19.61 19.45 19.01 18.44 18.43 18.28 17.72 17.02 16.77 17.01 16.95 16.48 15.86 15.06 14.20 14.37 15.26 15.35 14.17 13.38 13.73 13.84 13.11 12.21 11.30 10.34 9.83 9.57 8.81 8.39 8.27
 17.90 17.84 17.48 18.00 18.19 18.25 18.28 18.20 18.10 17.95 17.59 17.18 16.51 15.34 14.69 15.20 16.02 15.96 14.86 14.10 14.03 13.81 13.34 12.29 11.75 10.63 10.08 9.71 8.45 7.62 7.26
 15.80 16.20 16.78 17.50 17.90 18.32 17.89 18.22 18.48 18.56 17.45 16.90 16.51 15.87 15.57 15.86 16.17 15.82 14.87 14.31 13.76 13.55 13.78 13.31 12.82 11.74 10.78 10.13 8.81 7.39 6.76
 15.06 15.29 15.84 16.61 17.15 17.11 17.29 17.84 17.86 17.48 16.59 16.45 16.45 16.13 15.82 15.67 15.71 15.39 14.61 14.25 14.01 13.79 14.05 13.85 13.61 12.53 11.48 10.90 9.77 8.35 7.66
 15.09 15.13 15.44 15.76 16.00 15.89 15.94 16.79 16.82 16.16 16.08 16.52 16.94 16.59 15.87 15.46 15.39 15.08 14.40 14.13 14.22 14.23 14.22 14.04 13.67 13.29 12.55 11.73 11.06 9.91 9.28
 12.39 12.45 12.47 13.07 14.37 14.76 14.73 14.72 15.06 15.40 15.27 15.34 15.54 15.65 16.28 15.82 15.41 14.91 14.30 14.07 14.40 14.87 14.87 14.18 13.41 13.25 13.00 12.21 11.45 10.56 10.23
 10.70 11.24 11.39 11.98 13.15 13.65 13.87 14.22 14.14 14.07 13.81 13.49 13.82 14.29 14.80 15.57 15.82 15.21 14.91 14.82 14.96 15.02 14.99 14.37 13.31 12.82 12.63 12.28 11.59 10.62 10.33
 11.32 12.31 12.54 12.50 12.68 12.90 13.10 13.17 13.03 12.63 11.67 11.19 12.00 12.54 12.54 13.55 15.01 15.41 15.41 15.79 15.95 15.48 15.06 14.59 13.78 13.02 12.53 12.10 11.74 10.71 10.33
 11.82 12.46 12.95 12.87 12.62 12.73 12.83 12.59 12.35 12.00 10.92 10.28 10.71 11.06 11.77 12.98 12.24 13.79 13.79 14.45 15.54 15.78 15.18 14.66 14.24 13.62 12.78 12.03 11.76 10.78 10.33
 10.85 11.14 11.79 11.86 11.76 12.08 12.15 11.55 10.94 10.75 10.26 9.84 9.64 10.20 12.17 12.80 10.31 9.47 9.72 11.29 13.11 14.06 13.86 14.17 14.43 14.04 13.14 11.48 10.81 10.21 9.85
 9.77 10.05 10.03 9.92 10.36 10.99 10.79 10.09 9.63 9.26 8.65 8.35 8.29 9.25 11.24 11.43 10.29 9.92 9.42 10.23 10.94 11.19 11.65 13.05 14.14 14.29 11.98 9.23 8.81 8.88 8.86
 9.69 9.90 9.61 9.60 10.33 10.89 10.49 9.75 9.39 8.99 8.30 8.04 8.10 8.60 9.58 10.00 9.99 10.84 11.43 8.89 10.24 10.26 10.22 11.38 12.76 12.25 9.01 7.06 7.51 7.81 7.80
 9.63 10.18 10.34 10.53 10.90 11.04 10.68 10.12 9.80 9.62 9.37 9.29 9.12 8.83 8.90 9.34 10.03 11.61 13.34 11.78 11.97 10.66 10.00 10.28 10.30 8.56 6.62 6.16 6.91 7.81 7.81
 9.76 10.26 10.65 10.83 10.88 10.79 10.55 10.70 11.43 11.70 11.09 10.30 9.73 9.25 8.94 9.38 10.78 12.44 11.82 11.57 11.17 10.39 10.00 10.00 9.01 7.01 6.02 6.01 6.61 7.81 7.81
 9.49 10.14 11.16 11.72 11.52 10.88 10.78 12.20 12.77 12.64 13.07 11.38 10.17 9.54 9.10 9.83 11.86 11.37 10.94 10.92 10.74 10.34 10.07 10.07 10.01 8.76 8.02 8.01 8.46 9.01 8.61
 9.22 9.91 11.74 13.26 13.24 12.28 12.51 13.28 13.09 13.38 13.46 12.90 11.30 9.99 9.24 10.10 11.90 10.98 10.96 10.93 10.86 10.63 10.30 10.24 10.53 9.45 9.01 9.00 9.17 9.53 9.40
 9.02 8.92 10.27 13.07 13.91 13.58 13.00 12.96 13.47 13.00 13.02 13.04 13.08 10.79 9.28 10.12 11.59 11.01 10.99 10.96 10.93 10.93 10.70 10.47 10.76 9.01 9.01 9.00 9.00 9.22 9.53
 159
 17.91 18.25 18.92 19.23 19.20 19.44 19.84 19.91 19.77 19.49 19.00 18.36 17.54 17.17 17.51 17.66 17.06 16.26 15.52 15.08 14.94 14.68 14.32 14.85 15.78 15.30 15.27 15.16 13.64 12.59 13.66
 17.93 18.01 18.40 19.03 19.38 19.62 19.97 20.08 19.83 19.29 19.37 19.10 18.15 17.76 18.04 18.08 17.65 16.86 15.88 15.33 15.27 15.04 14.75 15.19 15.85 15.17 14.46 14.42 14.08 13.78 14.47
 17.98 17.94 18.21 18.90 19.45 19.70 19.88 19.87 19.72 19.63 19.71 19.55 18.99 18.62 18.60 18.83 18.93 18.01 16.22 15.78 15.94 15.79 15.45 15.42 15.68 15.61 14.50 14.27 14.69 14.94 15.00
 18.01 17.95 17.85 18.06 18.63 19.14 19.06 18.74 18.79 19.30 19.60 19.56 19.47 19.26 19.09 19.41 19.67 18.47 17.25 16.49 16.75 16.71 16.24 15.88 15.79 16.25 15.44 15.17 15.42 15.43 14.99
 17.27 17.17 16.91 17.08 18.02 18.49 18.22 17.70 17.70 18.24 18.64 18.89 19.42 19.41 19.25 19.64 19.89 18.95 17.38 17.05 17.57 17.66 17.05 16.45 15.93 15.44 14.17 14.31 15.40 15.80 15.47
 16.06 15.95 15.71 16.35 17.07 17.44 17.48 17.29 17.25 17.32 17.71 18.34 18.85 18.88 19.04 20.00 20.35 19.29 17.41 17.00 17.67 17.63 17.67 17.14 16.35 14.84 13.15 13.63 14.86 15.93 16.46
 15.86 15.72 15.45 15.65 16.16 16.41 16.45 16.91 16.99 16.80 16.94 17.50 17.89 18.01 18.51 19.42 19.72 19.06 17.53 17.18 17.48 17.61 17.47 17.36 16.81 15.32 13.11 12.80 14.38 15.67 16.00
 16.10 16.08 15.90 15.68 15.33 15.12 15.82 16.73 16.65 16.14 16.00 16.50 16.85 17.14 17.24 17.53 17.63 17.49 17.08 16.31 16.35 16.55 16.65 16.75 16.54 14.98 13.06 12.39 13.21 14.27 14.65
 15.69 15.76 15.59 15.18 14.83 14.34 14.61 15.69 15.87 15.03 14.65 15.11 15.57 15.78 16.11 16.28 16.42 16.19 15.79 15.76 15.78 15.59 15.83 16.00 15.40 14.07 12.93 12.15 11.97 12.18 11.88
 12.39 12.45 12.47 13.07 14.37 14.08 13.41 14.06 14.19 13.67 13.48 13.75 14.08 14.03 14.40 15.15 15.11 15.14 14.86 14.69 14.60 14.59 14.66 14.52 13.83 13.11 12.60 11.87 11.36 10.75 9.33
 10.70 11.24 11.39 11.98 13.15 13.38 12.85 12.71 12.43 12.39 12.33 12.17 12.14 12.06 12.57 13.21 13.18 13.19 13.10 13.32 13.57 13.53 12.87 12.78 12.77 12.65 12.25 11.74 11.44 10.62 8.69
 11.32 11.45 10.98 11.57 12.00 12.15 11.89 10.94 10.64 10.33 9.67 9.43 9.69 10.03 10.48 11.19 12.05 11.76 11.56 11.78 11.90 12.33 12.08 12.22 12.69 12.68 12.22 11.92 11.54 10.40 8.69
 11.00 9.99 9.70 10.09 10.95 11.49 11.22 9.62 8.85 8.93 8.29 8.02 7.93 8.18 9.26 10.18 10.42 9.92 9.72 10.35 10.91 11.60 11.33 10.92 11.11 11.58 12.32 12.05 11.37 9.84 8.69
 9.69 9.41 9.17 9.42 10.46 10.94 10.67 8.71 7.66 7.77 7.64 7.18 6.57 6.37 8.01 9.23 8.30 7.59 7.69 8.58 9.74 10.83 10.84 10.23 9.99 10.50 11.68 12.17 11.47 10.33 9.70
 9.38 8.95 8.23 8.71 9.54 9.92 9.23 8.07 8.11 8.08 6.99 6.20 5.60 5.37 7.06 8.23 7.97 7.70 7.86 7.90 8.93 9.88 11.24 11.24 10.26 10.18 10.75 10.69 9.03 7.49 7.30
 9.37 8.95 8.41 8.79 8.99 9.27 8.65 8.36 8.67 8.32 6.99 6.06 6.07 5.90 6.85 7.70 7.45 8.09 8.45 8.65 9.21 10.61 10.91 11.73 11.51 10.67 9.96 8.28 6.30 5.72 5.72
 9.28 9.10 8.59 8.59 9.08 8.83 7.75 8.05 8.77 8.68 7.74 6.53 6.31 6.89 7.02 7.32 7.42 8.53 8.98 9.16 9.86 11.23 11.01 11.16 11.44 10.52 8.41 6.56 5.71 5.71 5.71
 8.76 8.32 8.04 8.21 8.10 7.34 6.96 7.77 8.77 8.93 8.47 7.04 6.37 6.92 7.09 7.37 8.17 8.91 9.30 9.42 10.04 10.69 11.02 11.02 10.89 9.76 8.01 7.23 6.70 6.04 5.71
 7.10 7.44 8.74 9.38 8.55 7.26 7.54 9.29 10.67 10.50 9.81 8.48 6.67 6.62 7.18 7.51 8.54 8.73 8.62 8.62 9.07 10.13 10.88 10.90 10.39 9.64 8.67 7.23 7.23 7.23 7.04
 6.10 7.20 9.02 10.43 10.39 9.33 9.63 11.12 11.53 10.82 10.17 10.00 8.34 6.92 7.11 7.60 8.70 8.62 8.62 8.63 8.78 9.38 10.28 10.50 9.77 9.14 8.84 7.23 7.23 7.23 7.23
 6.10 6.11 7.22 9.55 10.91 11.51 12.29 12.02 10.76 10.02 9.99 10.04 10.02 8.23 7.12 7.62 8.71 8.62 8.63 8.63 8.64 8.63 9.23 9.93 9.52 9.02 9.02 7.23 7.23 7.23 7.23
